9010075670 + 2500 5 4 2018 1 28 AccountOpen
9948590181 + 500 5 4 2018 1 29 AccountOpen
9010075670 - 500 5 4 2018 1 30 ByTransfer
9948590181 + 500 5 4 2018 1 30 ByTransfer
9010075670 - 1000 6 4 2018 19 10 ByTransfer
9948590181 + 1000 6 4 2018 19 10 ByTransfer
9010075670 + 6000 21 4 2018 23 46 SelfDeposit
9010075670 - 5000 21 4 2018 23 46 ByTransfer
9948590181 + 5000 21 4 2018 23 46 ByTransfer
9010075670 - 1000 22 4 2018 23 17 ByTransfer
9948590181 + 1000 22 4 2018 23 17 ByTransfer
9010075670 + 1000 30 4 2018 9 20 GuestDeposit
9010075670 - 500 6 5 2018 0 36 ByTransfer
9948590181 + 500 6 5 2018 0 36 ByTransfer
9010075670 - 500 28 5 2018 23 54 ByTransfer
9948590181 + 500 28 5 2018 23 54 ByTransfer
